    %Posicion de los edificios - obstáculos
    factorGain = 40;
    % edificio 1
    X1 = [-1.02, -0.4418, -0.4183, -0.9109, -1.036, -1.02] .*factorGain;
    Y1 = [ 2.111,  1.151, -0.3928,  -1.099, -0.526, 2.111] .*factorGain;
    % edificio 2
    X2 = [-0.864, -0.3245, 0.2619, -0.2776, -0.864] .*factorGain;
    Y2 = [-1.671, -2.5500, -1.591, -0.6858, -1.671] .*factorGain;
    % edificio 3,4
    X3_4 = [0.6138, 1.216, 1.2160, 0.8249,  0.9578,  0.6919,  0.4261,  0.5981, 0.6138] .*factorGain;
    Y3_4 = [1.1250, 1.991, 0.3395, 0.2863, -0.2197, -0.6591, -0.2064,  0.1798, 1.1250] .*factorGain;
    % edificio 5,6
    X5_6 = [-0.215, 0.6138, 0.880, 0.2697, -0.215] .*factorGain;
    Y5_6 = [ 1.072, 2.4570, 2.084, 0.9787,  1.072] .*factorGain;
    % edificio 7
    X7 = [-1.224, -1.099, -1.099, -1.229, -1.224] .*factorGain;
    Y7 = [ 2.403,  2.137, 0.8722,  0.855,  2.403] .*factorGain;
