function [alphanumeric,targets] = alphabet()
%ALPHABET Character and number recognition problem definition
%  
%  [ALHANUMERIC, TARGETS] = ALPHABET()
%
%  Returns:
%    ALPHANUMERIC   - 35x36 matrix of 5 x 7 bit maps for each letter and number.
%    TARGETS        - 36x36 target vectors.

%% Numbers

number0 = [0 1 1 1 0 ...
           1 0 0 0 1 ...
           1 0 0 0 1 ...
           1 0 0 0 1 ...
           1 0 0 0 1 ...
           1 0 0 0 1 ...
           0 1 1 1 0 ]';

number1 = [0 0 0 1 0 ...
           0 0 1 1 0 ...
           0 0 0 1 0 ...
           0 0 0 1 0 ...
           0 0 0 1 0 ...
           0 0 0 1 0 ...
           0 0 0 1 0 ]';

number2 = [0 1 1 1 0 ...
           1 0 0 0 1 ...
           0 0 0 0 1 ...
           0 0 0 1 0 ...
           0 0 1 0 0 ...
           0 1 0 0 0 ...
           1 1 1 1 1 ]';

number3 = [0 1 1 1 0 ...
           1 0 0 0 1 ...
           0 0 0 0 1 ...
           0 1 1 1 0 ...
           0 0 0 0 1 ...
           1 0 0 0 1 ...
           0 1 1 1 0 ]';

number4 = [0 0 0 0 1 ...
           0 0 0 1 0 ...
           0 0 1 0 0 ...
           0 1 0 0 0 ...
           1 0 0 1 0 ...
           1 1 1 1 1 ...
           0 0 0 1 0 ]';

number5 = [1 1 1 1 1 ...
           1 0 0 0 0 ...
           1 0 0 0 0 ...
           1 1 1 1 0 ...
           0 0 0 0 1 ...
           0 0 0 0 1 ...
           1 1 1 1 0 ]';

number6 = [0 1 1 1 0 ...
           1 0 0 0 1 ...
           1 0 0 0 0 ...
           1 1 1 1 0 ...
           1 0 0 0 1 ...
           1 0 0 0 1 ...
           0 1 1 1 0 ]';

number7 = [1 1 1 1 1 ...
           1 0 0 0 1 ...
           0 0 0 1 0 ...
           0 0 1 0 0 ...
           0 1 0 0 0 ...
           1 0 0 0 0 ...
           1 0 0 0 0 ]';

number8 = [0 1 1 1 0 ...
           1 0 0 0 1 ...
           1 0 0 0 1 ...
           0 1 1 1 0 ...
           1 0 0 0 1 ...
           1 0 0 0 1 ...
           0 1 1 1 0 ]';

number9 = [0 1 1 1 0 ...
           1 0 0 0 1 ...
           1 0 0 0 1 ...
           0 1 1 1 1 ...
           0 0 0 0 1 ...
           1 0 0 0 1 ...
           0 1 1 1 0 ]';

%% Letters

letterA =  [0 0 1 0 0 ...
            0 1 0 1 0 ...
            0 1 0 1 0 ...
            1 0 0 0 1 ...
            1 1 1 1 1 ...
            1 0 0 0 1 ...
            1 0 0 0 1 ]';

letterB =  [1 1 1 1 0 ...
            1 0 0 0 1 ...
            1 0 0 0 1 ...
            1 1 1 1 0 ...
            1 0 0 0 1 ...
            1 0 0 0 1 ...
            1 1 1 1 0 ]';

letterC =  [0 1 1 1 0 ...
            1 0 0 0 1 ...
            1 0 0 0 0 ...
            1 0 0 0 0 ...
            1 0 0 0 0 ...
            1 0 0 0 1 ...
            0 1 1 1 0 ]';

letterD  = [1 1 1 1 0 ...
            1 0 0 0 1 ...
            1 0 0 0 1 ...
            1 0 0 0 1 ...
            1 0 0 0 1 ...
            1 0 0 0 1 ...
            1 1 1 1 0 ]';

letterE  = [1 1 1 1 1 ...
            1 0 0 0 0 ...
            1 0 0 0 0 ...
            1 1 1 1 0 ...
            1 0 0 0 0 ...
            1 0 0 0 0 ...
            1 1 1 1 1 ]';

letterF =  [1 1 1 1 1 ...
            1 0 0 0 0 ...
            1 0 0 0 0 ...
            1 1 1 1 0 ...
            1 0 0 0 0 ...
            1 0 0 0 0 ...
            1 0 0 0 0 ]';

letterG =  [0 1 1 1 0 ...
            1 0 0 0 1 ...
            1 0 0 0 0 ...
            1 0 0 0 0 ...
            1 0 0 1 1 ...
            1 0 0 0 1 ...
            0 1 1 1 0 ]';

letterH =  [1 0 0 0 1 ...
            1 0 0 0 1 ...
            1 0 0 0 1 ...
            1 1 1 1 1 ...
            1 0 0 0 1 ...
            1 0 0 0 1 ...
            1 0 0 0 1 ]';

letterI =  [0 1 1 1 0 ...
            0 0 1 0 0 ...
            0 0 1 0 0 ...
            0 0 1 0 0 ...
            0 0 1 0 0 ...
            0 0 1 0 0 ...
            0 1 1 1 0 ]';

letterJ =  [1 1 1 1 1 ...
            0 0 1 0 0 ...
            0 0 1 0 0 ...
            0 0 1 0 0 ...
            0 0 1 0 0 ...
            1 0 1 0 0 ...
            0 1 0 0 0 ]';

letterK =  [1 0 0 0 1 ...
            1 0 0 1 0 ...
            1 0 1 0 0 ...
            1 1 0 0 0 ...
            1 0 1 0 0 ...
            1 0 0 1 0 ...
            1 0 0 0 1 ]';

letterL =  [1 0 0 0 0 ...
            1 0 0 0 0 ...
            1 0 0 0 0 ...
            1 0 0 0 0 ...
            1 0 0 0 0 ...
            1 0 0 0 0 ...
            1 1 1 1 1 ]';

letterM =  [1 0 0 0 1 ...
            1 1 0 1 1 ...
            1 0 1 0 1 ...
            1 0 0 0 1 ...
            1 0 0 0 1 ...
            1 0 0 0 1 ...
            1 0 0 0 1 ]';

letterN =  [1 0 0 0 1 ...
            1 1 0 0 1 ...
            1 1 0 0 1 ...
            1 0 1 0 1 ...
            1 0 0 1 1 ...
            1 0 0 1 1 ...
            1 0 0 0 1 ]';

letterO =  [0 0 1 0 0 ...
            0 1 0 1 0 ...
            1 0 0 0 1 ...
            1 0 0 0 1 ...
            1 0 0 0 1 ...
            0 1 0 1 0 ...
            0 0 1 0 0 ]';

letterP =  [1 1 1 1 0 ...
            1 0 0 0 1 ...
            1 0 0 0 1 ...
            1 1 1 1 0 ...
            1 0 0 0 0 ...
            1 0 0 0 0 ...
            1 0 0 0 0 ]';

letterQ =  [0 1 1 1 0 ...
            1 0 0 0 1 ...
            1 0 0 0 1 ...
            1 0 0 0 1 ...
            1 0 1 0 1 ...
            1 0 0 1 0 ...
            0 1 1 0 1 ]';

letterR =  [1 1 1 1 0 ...
            1 0 0 0 1 ...
            1 0 0 0 1 ...
            1 1 1 1 0 ...
            1 0 1 0 0 ...
            1 0 0 1 0 ...
            1 0 0 0 1 ]';

letterS =  [0 1 1 1 0 ...
            1 0 0 0 1 ...
            0 1 0 0 0 ...
            0 0 1 0 0 ...
            0 0 0 1 0 ...
            1 0 0 0 1 ...
            0 1 1 1 0 ]';

letterT =  [1 1 1 1 1 ...
            0 0 1 0 0 ...
            0 0 1 0 0 ...
            0 0 1 0 0 ...
            0 0 1 0 0 ...
            0 0 1 0 0 ...
            0 0 1 0 0 ]';

letterU =  [1 0 0 0 1 ...
            1 0 0 0 1 ...
            1 0 0 0 1 ...
            1 0 0 0 1 ...
            1 0 0 0 1 ...
            1 0 0 0 1 ...
            0 1 1 1 0 ]';

letterV =  [1 0 0 0 1 ...
            1 0 0 0 1 ...
            1 0 0 0 1 ...
            1 0 0 0 1 ...
            1 0 0 0 1 ...
            0 1 0 1 0 ...
            0 0 1 0 0 ]';

letterW =  [1 0 0 0 1 ...
            1 0 0 0 1 ...
            1 0 0 0 1 ...
            1 0 0 0 1 ...
            1 0 1 0 1 ...
            1 1 0 1 1 ...
            1 0 0 0 1 ]';

letterX =  [1 0 0 0 1 ...
            1 0 0 0 1 ...
            0 1 0 1 0 ...
            0 0 1 0 0 ...
            0 1 0 1 0 ...
            1 0 0 0 1 ...
            1 0 0 0 1 ]';

letterY =  [1 0 0 0 1 ...
            1 0 0 0 1 ...
            0 1 0 1 0 ...
            0 0 1 0 0 ...
            0 0 1 0 0 ...
            0 0 1 0 0 ...
            0 0 1 0 0 ]';

letterZ =  [1 1 1 1 1 ...
            0 0 0 0 1 ...
            0 0 0 1 0 ...
            0 0 1 0 0 ...
            0 1 0 0 0 ...
            1 0 0 0 0 ...
            1 1 1 1 1 ]';

%% Returns

alphanumeric = [number0,number1,number2,number3,number4,...
                number5,number6,number7,number8,number9,...
                letterA,letterB,letterC,letterD,letterE,letterF,letterG,letterH,...
                letterI,letterJ,letterK,letterL,letterM,letterN,letterO,letterP,...
                letterQ,letterR,letterS,letterT,letterU,letterV,letterW,letterX,...
                letterY,letterZ];

targets = eye(36);
